a <- 5 == 5
a

d <- 5 != 5
d

b <- 5 > 4
b

c <- 5 == 6
c